10
10
10
10
10
10
10
10
10
10
10
10
10
10
10
10
10
10
10
5
5
5
5
5
5
5
5
5
5
5
0
0
0
0
0
0
0
0
0
0
0
0
0
0
0
0
0
0
0
0
0
0
0
0
0
0
0
0
0
0
0
0
0
0
0
0
0
0
0
0
0
0
0
0
0
0
0
0
0
0
0
0
0
9
9
9
9
9
9
9
9
9
9
9
9
9
9
9
5
5
5
5
5
5
0
0
0
0
0
0
0
0
0
0
0
0
0
0
0
0
0
0
0
0
0
0
0
0
0
0
0
0
0
0
0
0
0
0
0
0
0
0
0
0
0
0
0
0
0
0
0
0
0
0
0
0
0
0
0
0
0
0
0
0
0
0
9
9
9
9
9
9
9
9
9
9
9
9
9
9
9
9
9
9
9
9
9
9
9
9
9
9
9
9
9
9
9
9
9
9
9
9
9
9
9
9
9
9
9
9
9
9
9
5
5
5
5
5
5
5
5
5
5
5
5
5
5
5
5
5
5
5
0
0
0
0
0
0
0
0
0
0
0
0
0
0
0
0
0
11
11
11
11
11
11
11
11
11
11
11
11
11
11
11
11
11
11
11
11
11
11
11
11
11
11
11
11
11
10
10
10
10
10
10
10
10
10
10
10
9
9
8
8
6
6
1
0
0
0
0
0
0
0
0
0
0
0
0
0
0
0
0
0
0
0
0
0
0
0
0
0
0
0
0
0
0
0
0
0
0
0
0
30
30
30
30
30
30
25
25
25
25
25
25
25
25
20
20
20
20
20
16
16
16
16
16
16
16
16
16
16
16
16
16
16
12
12
12
12
12
12
12
12
12
12
7
7
7
7
5
5
5
5
5
5
5
5
5
5
5
5
5
4
4
0
0
0
0
0
0
0
0
0
0
0
0
0
0
0
0
0
0
0
0
0
27
27
27
27
27
27
27
27
27
27
27
27
27
27
27
27
27
22
22
22
22
22
22
22
22
22
22
22
22
22
22
22
18
18
18
18
18
18
18
18
18
18
18
18
18
16
16
14
14
14
14
14
14
14
14
14
14
14
14
14
14
11
11
5
5
5
5
5
5
5
5
5
5
5
5
5
5
5
5
5
5
5
5
55
55
55
50
50
50
50
50
50
50
50
50
50
50
50
50
50
50
50
50
50
50
50
50
50
50
50
50
50
50
50
50
50
50
50
50
50
50
50
46
46
46
46
46
46
46
46
46
46
46
46
41
41
41
41
37
37
37
37
37
37
37
37
37
37
37
37
37
37
37
37
37
37
37
33
31
31
31
31
31
31
31
31
22
22
22
22
22
22
22
22
22
22
22
22
22
22
22
22
22
22
17
13
13
13
13
13
13
13
13
9
9
9
9
9
9
9
9
9
9
9
9
9
9
9
9
9
9
9
9
9
9
9
9
9
4
4
0
0
0
0
0
0
0
0
0
0
0
0
0
0
0
0
0
0
0
0
0
0
0
0
0
0
0
0
0
41
36
36
33
28
28
28
28
28
28
28
28
23
23
23
23
23
23
23
23
23
23
23
23
23
23
23
23
23
23
23
23
23
22
22
22
22
22
22
22
22
22
22
22
22
22
22
22
22
22
22
22
22
22
22
19
19
19
19
19
19
19
19
19
15
15
15
15
15
12
12
4
4
4
4
4
4
4
4
0
0
0
0
22
22
22
22
22
22
22
17
17
17
17
14
14
14
14
14
14
14
10
10
10
10
10
10
10
10
10
10
10
10
10
10
10
10
10
10
10
10
10
10
10
10
10
10
10
10
10
10
10
10
10
10
10
6
6
6
2
0
0
0
0
0
0
0
0
0
0
0
0
0
0
0
0
0
0
0
0
0
0
0
0
0
0
40
40
40
40
35
35
35
35
35
35
35
35
35
35
35
35
35
35
35
35
31
31
31
31
31
31
31
31
31
31
31
31
31
23
18
18
18
18
18
14
14
14
14
14
14
14
14
14
14
14
14
14
14
14
9
9
9
9
9
9
9
9
9
9
9
9
9
9
9
9
9
9
9
9
9
9
9
9
9
9
9
9
5
38
38
38
38
38
38
38
38
38
33
33
33
33
29
29
29
29
29
29
25
21
21
21
21
21
21
21
21
21
21
21
21
21
21
21
16
16
16
16
16
12
12
12
12
12
12
12
12
12
12
12
12
12
12
12
12
12
12
12
12
12
12
12
12
10
10
10
10
10
10
5
5
5
5
5
4
4
0
0
0
0
0
0
38
38
38
38
38
38
38
38
38
33
33
33
33
33
33
33
33
33
33
33
33
29
29
25
25
25
25
25
25
25
25
25
25
25
25
25
25
25
25
25
25
25
25
25
25
25
25
25
25
25
25
25
25
25
25
25
25
25
25
25
25
25
25
21
21
21
17
17
17
17
17
17
17
17
16
13
13
13
8
8
8
8
8
53
53
53
53
53
53
53
53
53
53
53
53
53
53
53
53
53
53
53
53
53
53
53
53
53
53
53
53
53
53
53
53
53
53
53
49
49
49
49
49
49
49
49
49
49
49
49
49
49
44
44
44
44
44
44
38
38
38
38
27
27
27
27
27
27
27
27
24
13
13
13
13
13
13
13
13
13
12
8
8
8
4
4
43
43
43
43
43
43
43
43
39
39
39
39
39
39
39
39
39
34
34
34
34
34
34
34
34
34
34
34
34
34
29
29
23
23
23
23
18
18
18
18
18
18
14
14
14
14
14
14
14
14
14
9
9
9
9
9
9
9
9
9
8
8
4
4
4
4
4
4
4
4
0
0
0
0
0
0
0
0
0
0
0
0
0
